1384 0
1376 1
30119 2
24769928 3
240007 4
23513349 5
17805212 6
10843755 7
2696 8
30118 9
23919 10
1420 11
6295 12
17707772 13
20821284 14
2547 15
18743 16
52820 17
543235 18
1381 19
15997 20
28188156 21
22324396 22
20177773 23
21852315 24
16180680 25
1724365 26
1371 27
131885 28
35606560 29
129636 30
22151696 31
11904233 32
262304 33
15812153 34
95819 35
53022 36
42038 37
27494 38
402128 39
26114416 40
25115796 41
3611540 42
23534 43
20613761 44
92270 45
12907847 46
9583799 47
908708 48
19351 49
12914 50
253264 51
28212625 52
845331 53
70885 54
15829076 55
676 56
1432 57
6798263 58
29875917 59
25937948 60
28116744 61
24611931 62
61049 63
46231 64
7428663 65
1715 66
1519 67
32552 68
1503869 69
195769 70
